61
101
105
116
127
128
144
199
200
203
211
255
265
286
302
307
314
356
366
368
393
394
396
407
414
463
470
473
475
492
506
521
537
538
539
540
551
559
581
586
590
615
621
622
629
634
655
667
672
707
723
731
742
748
757
758
769
773
782
783
786
817
822
823
844
881
886
887
888
894
899
916
929
934
940
945
960
972
987
991
1003
1006
1009
1029
1081
1086
1091
1095
1104
1110
1117
1125
1126
1134
1168
1177
1201
1261
1268
1283
1284
1291
1294
1297
1303
1309
1313
1329
1336
1376
1382
1415
1426
1436
1438
1462
1508
1535
1537
1551
1557
1622
1627
1653
1654
1700
1701
1708
1771
1775
1778
1790
1796
1829
1845
1863
1864
1933
1955
1963
2021
2033
2048
2114
2179
2213
2246
2301
2315
2350
2357
2376
