#V  AvgAccuracy split precision recall  f1  IndivAccuracy

25	0.596153846154	0	0.5555555555555556	0.4166666666666667	0.4761904761904762	0.576923076923
25	0.596153846154	1	0.4	0.16666666666666666	0.23529411764705882	0.5
25	0.596153846154	2	0.3333333333333333	0.16666666666666666	0.2222222222222222	0.461538461538
25	0.596153846154	3	0.9	0.75	0.8181818181818182	0.846153846154
51	0.605769230769	0	0.5454545454545454	0.5	0.5217391304347826	0.576923076923
51	0.605769230769	1	0.42857142857142855	0.25	0.3157894736842105	0.5
51	0.605769230769	2	0.6363636363636364	0.5833333333333334	0.6086956521739131	0.653846153846
51	0.605769230769	3	0.6666666666666666	0.6666666666666666	0.6666666666666666	0.692307692308
61	0.625	0	0.6666666666666666	0.3333333333333333	0.4444444444444444	0.615384615385
61	0.625	1	0.5333333333333333	0.6666666666666666	0.5925925925925926	0.576923076923
61	0.625	2	0.5714285714285714	0.6666666666666666	0.6153846153846153	0.615384615385
61	0.625	3	0.6428571428571429	0.75	0.6923076923076924	0.692307692308
101	0.615384615385	0	0.75	0.5	0.6	0.692307692308
101	0.615384615385	1	0.5555555555555556	0.4166666666666667	0.4761904761904762	0.576923076923
101	0.615384615385	2	0.5	0.3333333333333333	0.4	0.538461538462
101	0.615384615385	3	0.6153846153846154	0.6666666666666666	0.64	0.653846153846
105	0.615384615385	0	0.45454545454545453	0.4166666666666667	0.43478260869565216	0.5
105	0.615384615385	1	0.6	0.5	0.5454545454545454	0.615384615385
105	0.615384615385	2	0.6363636363636364	0.5833333333333334	0.6086956521739131	0.653846153846
105	0.615384615385	3	0.6666666666666666	0.6666666666666666	0.6666666666666666	0.692307692308
116	0.653846153846	0	0.7	0.5833333333333334	0.6363636363636365	0.692307692308
116	0.653846153846	1	0.5454545454545454	0.5	0.5217391304347826	0.576923076923
116	0.653846153846	2	0.7272727272727273	0.6666666666666666	0.6956521739130435	0.730769230769
116	0.653846153846	3	0.5555555555555556	0.8333333333333334	0.6666666666666667	0.615384615385
127	0.615384615385	0	0.5555555555555556	0.4166666666666667	0.4761904761904762	0.576923076923
127	0.615384615385	1	0.6666666666666666	0.5	0.5714285714285715	0.653846153846
127	0.615384615385	2	0.5833333333333334	0.5833333333333334	0.5833333333333334	0.615384615385
127	0.615384615385	3	0.5833333333333334	0.5833333333333334	0.5833333333333334	0.615384615385
128	0.615384615385	0	0.5555555555555556	0.4166666666666667	0.4761904761904762	0.576923076923
128	0.615384615385	1	0.5555555555555556	0.4166666666666667	0.4761904761904762	0.576923076923
128	0.615384615385	2	0.75	0.75	0.75	0.769230769231
128	0.615384615385	3	0.5	0.5833333333333334	0.5384615384615384	0.538461538462
138	0.596153846154	0	0.4444444444444444	0.3333333333333333	0.380952380952381	0.5
138	0.596153846154	1	0.6363636363636364	0.5833333333333334	0.6086956521739131	0.653846153846
138	0.596153846154	2	0.5	0.75	0.6	0.538461538462
138	0.596153846154	3	0.6666666666666666	0.6666666666666666	0.6666666666666666	0.692307692308
144	0.596153846154	0	0.5714285714285714	0.3333333333333333	0.4210526315789474	0.576923076923
144	0.596153846154	1	0.6	0.75	0.6666666666666665	0.653846153846
144	0.596153846154	2	0.5555555555555556	0.4166666666666667	0.4761904761904762	0.576923076923
144	0.596153846154	3	0.5454545454545454	0.5	0.5217391304347826	0.576923076923
147	0.596153846154	0	0.4	0.16666666666666666	0.23529411764705882	0.5
147	0.596153846154	1	0.5714285714285714	0.3333333333333333	0.4210526315789474	0.576923076923
147	0.596153846154	2	0.5714285714285714	0.3333333333333333	0.4210526315789474	0.576923076923
147	0.596153846154	3	0.8571428571428571	0.5	0.631578947368421	0.730769230769
199	0.644230769231	0	0.6	0.75	0.6666666666666665	0.653846153846
199	0.644230769231	1	0.75	0.5	0.6	0.692307692308
199	0.644230769231	2	0.5454545454545454	0.5	0.5217391304347826	0.576923076923
199	0.644230769231	3	0.6363636363636364	0.5833333333333334	0.6086956521739131	0.653846153846
200	0.615384615385	0	0.5625	0.75	0.6428571428571429	0.615384615385
200	0.615384615385	1	0.6	0.5	0.5454545454545454	0.615384615385
200	0.615384615385	2	0.5454545454545454	0.5	0.5217391304347826	0.576923076923
200	0.615384615385	3	0.6666666666666666	0.5	0.5714285714285715	0.653846153846
203	0.605769230769	0	0.6428571428571429	0.75	0.6923076923076924	0.692307692308
203	0.605769230769	1	0.7142857142857143	0.4166666666666667	0.5263157894736842	0.653846153846
203	0.605769230769	2	0.5	0.4166666666666667	0.45454545454545453	0.538461538462
203	0.605769230769	3	0.5	0.5833333333333334	0.5384615384615384	0.538461538462
211	0.615384615385	0	0.75	0.5	0.6	0.692307692308
211	0.615384615385	1	0.5	0.5	0.5	0.538461538462
211	0.615384615385	2	0.5714285714285714	0.6666666666666666	0.6153846153846153	0.615384615385
211	0.615384615385	3	0.5714285714285714	0.6666666666666666	0.6153846153846153	0.615384615385
255	0.596153846154	0	0.6363636363636364	0.5833333333333334	0.6086956521739131	0.653846153846
255	0.596153846154	1	0.5454545454545454	0.5	0.5217391304347826	0.576923076923
255	0.596153846154	2	0.5833333333333334	0.5833333333333334	0.5833333333333334	0.615384615385
255	0.596153846154	3	0.5	0.6666666666666666	0.5714285714285715	0.538461538462
265	0.625	0	0.5	0.4166666666666667	0.45454545454545453	0.538461538462
265	0.625	1	0.6666666666666666	0.5	0.5714285714285715	0.653846153846
265	0.625	2	0.6666666666666666	0.5	0.5714285714285715	0.653846153846
265	0.625	3	0.6363636363636364	0.5833333333333334	0.6086956521739131	0.653846153846
267	0.634615384615	0	0.75	0.5	0.6	0.692307692308
267	0.634615384615	1	1.0	0.16666666666666666	0.2857142857142857	0.615384615385
267	0.634615384615	2	0.6	0.5	0.5454545454545454	0.615384615385
267	0.634615384615	3	0.6666666666666666	0.3333333333333333	0.4444444444444444	0.615384615385
286	0.615384615385	0	0.4444444444444444	0.3333333333333333	0.380952380952381	0.5
286	0.615384615385	1	0.6	0.75	0.6666666666666665	0.653846153846
286	0.615384615385	2	0.5714285714285714	0.6666666666666666	0.6153846153846153	0.615384615385
286	0.615384615385	3	0.625	0.8333333333333334	0.7142857142857143	0.692307692308
302	0.596153846154	0	0.5555555555555556	0.4166666666666667	0.4761904761904762	0.576923076923
302	0.596153846154	1	0.5384615384615384	0.5833333333333334	0.5599999999999999	0.576923076923
302	0.596153846154	2	0.5333333333333333	0.6666666666666666	0.5925925925925926	0.576923076923
302	0.596153846154	3	0.6666666666666666	0.5	0.5714285714285715	0.653846153846
307	0.644230769231	0	0.5384615384615384	0.5833333333333334	0.5599999999999999	0.576923076923
307	0.644230769231	1	0.6666666666666666	0.6666666666666666	0.6666666666666666	0.692307692308
307	0.644230769231	2	0.7272727272727273	0.6666666666666666	0.6956521739130435	0.730769230769
307	0.644230769231	3	0.6	0.25	0.35294117647058826	0.576923076923
314	0.605769230769	0	0.5454545454545454	0.5	0.5217391304347826	0.576923076923
314	0.605769230769	1	0.6666666666666666	0.6666666666666666	0.6666666666666666	0.692307692308
314	0.605769230769	2	0.5555555555555556	0.4166666666666667	0.4761904761904762	0.576923076923
314	0.605769230769	3	0.5454545454545454	0.5	0.5217391304347826	0.576923076923
328	0.634615384615	0	0.5555555555555556	0.4166666666666667	0.4761904761904762	0.576923076923
328	0.634615384615	1	0.7777777777777778	0.5833333333333334	0.6666666666666666	0.730769230769
328	0.634615384615	2	0.6923076923076923	0.75	0.7199999999999999	0.730769230769
328	0.634615384615	3	0.42857142857142855	0.25	0.3157894736842105	0.5
337	0.596153846154	0	0.7	0.5833333333333334	0.6363636363636365	0.692307692308
337	0.596153846154	1	0.5555555555555556	0.4166666666666667	0.4761904761904762	0.576923076923
337	0.596153846154	2	0.5833333333333334	0.5833333333333334	0.5833333333333334	0.615384615385
337	0.596153846154	3	0.4666666666666667	0.5833333333333334	0.5185185185185186	0.5
355	0.605769230769	0	0.3333333333333333	0.25	0.28571428571428575	0.423076923077
355	0.605769230769	1	0.6666666666666666	0.6666666666666666	0.6666666666666666	0.692307692308
355	0.605769230769	2	0.6363636363636364	0.5833333333333334	0.6086956521739131	0.653846153846
355	0.605769230769	3	0.6363636363636364	0.5833333333333334	0.6086956521739131	0.653846153846
356	0.615384615385	0	0.45454545454545453	0.4166666666666667	0.43478260869565216	0.5
356	0.615384615385	1	0.5714285714285714	0.6666666666666666	0.6153846153846153	0.615384615385
356	0.615384615385	2	0.6923076923076923	0.75	0.7199999999999999	0.730769230769
356	0.615384615385	3	0.5833333333333334	0.5833333333333334	0.5833333333333334	0.615384615385
366	0.605769230769	0	0.5	0.3333333333333333	0.4	0.538461538462
366	0.605769230769	1	0.8571428571428571	0.5	0.631578947368421	0.730769230769
366	0.605769230769	2	0.4444444444444444	0.3333333333333333	0.380952380952381	0.5
366	0.605769230769	3	1.0	0.25	0.4	0.653846153846
368	0.644230769231	0	0.6	0.75	0.6666666666666665	0.653846153846
368	0.644230769231	1	0.75	0.5	0.6	0.692307692308
368	0.644230769231	2	0.5454545454545454	0.5	0.5217391304347826	0.576923076923
368	0.644230769231	3	0.6363636363636364	0.5833333333333334	0.6086956521739131	0.653846153846
372	0.615384615385	0	0.4	0.16666666666666666	0.23529411764705882	0.5
372	0.615384615385	1	0.7142857142857143	0.4166666666666667	0.5263157894736842	0.653846153846
372	0.615384615385	2	0.625	0.8333333333333334	0.7142857142857143	0.692307692308
372	0.615384615385	3	0.6666666666666666	0.3333333333333333	0.4444444444444444	0.615384615385
393	0.615384615385	0	0.6666666666666666	0.5	0.5714285714285715	0.653846153846
393	0.615384615385	1	0.6	0.25	0.35294117647058826	0.576923076923
393	0.615384615385	2	0.5833333333333334	0.5833333333333334	0.5833333333333334	0.615384615385
393	0.615384615385	3	0.625	0.4166666666666667	0.5	0.615384615385
394	0.596153846154	0	0.5833333333333334	0.5833333333333334	0.5833333333333334	0.615384615385
394	0.596153846154	1	0.5714285714285714	0.3333333333333333	0.4210526315789474	0.576923076923
394	0.596153846154	2	0.5454545454545454	0.5	0.5217391304347826	0.576923076923
394	0.596153846154	3	0.625	0.4166666666666667	0.5	0.615384615385
396	0.596153846154	0	0.6666666666666666	0.5	0.5714285714285715	0.653846153846
396	0.596153846154	1	0.5	0.4166666666666667	0.45454545454545453	0.538461538462
396	0.596153846154	2	0.5	0.5833333333333334	0.5384615384615384	0.538461538462
396	0.596153846154	3	0.6363636363636364	0.5833333333333334	0.6086956521739131	0.653846153846
406	0.605769230769	0	0.6666666666666666	0.5	0.5714285714285715	0.653846153846
406	0.605769230769	1	0.375	0.25	0.3	0.461538461538
406	0.605769230769	2	0.7142857142857143	0.4166666666666667	0.5263157894736842	0.653846153846
406	0.605769230769	3	0.6666666666666666	0.5	0.5714285714285715	0.653846153846
407	0.644230769231	0	0.5384615384615384	0.5833333333333334	0.5599999999999999	0.576923076923
407	0.644230769231	1	0.6	0.5	0.5454545454545454	0.615384615385
407	0.644230769231	2	0.5833333333333334	0.5833333333333334	0.5833333333333334	0.615384615385
407	0.644230769231	3	0.75	0.75	0.75	0.769230769231
408	0.605769230769	0	0.625	0.8333333333333334	0.7142857142857143	0.692307692308
408	0.605769230769	1	0.6363636363636364	0.5833333333333334	0.6086956521739131	0.653846153846
408	0.605769230769	2	0.47058823529411764	0.6666666666666666	0.5517241379310345	0.5
408	0.605769230769	3	0.5555555555555556	0.4166666666666667	0.4761904761904762	0.576923076923
413	0.605769230769	0	0.6363636363636364	0.5833333333333334	0.6086956521739131	0.653846153846
413	0.605769230769	1	0.6666666666666666	0.6666666666666666	0.6666666666666666	0.692307692308
413	0.605769230769	2	0.4375	0.5833333333333334	0.5	0.461538461538
413	0.605769230769	3	0.6666666666666666	0.3333333333333333	0.4444444444444444	0.615384615385
414	0.634615384615	0	0.7	0.5833333333333334	0.6363636363636365	0.692307692308
414	0.634615384615	1	0.6	0.5	0.5454545454545454	0.615384615385
414	0.634615384615	2	0.5	0.6666666666666666	0.5714285714285715	0.538461538462
414	0.634615384615	3	0.75	0.5	0.6	0.692307692308
419	0.615384615385	0	0.6666666666666666	0.6666666666666666	0.6666666666666666	0.692307692308
419	0.615384615385	1	0.6	0.5	0.5454545454545454	0.615384615385
419	0.615384615385	2	0.47368421052631576	0.75	0.5806451612903226	0.5
419	0.615384615385	3	0.6153846153846154	0.6666666666666666	0.64	0.653846153846
463	0.596153846154	0	0.5384615384615384	0.5833333333333334	0.5599999999999999	0.576923076923
463	0.596153846154	1	0.5	0.3333333333333333	0.4	0.538461538462
463	0.596153846154	2	0.625	0.8333333333333334	0.7142857142857143	0.692307692308
463	0.596153846154	3	0.5333333333333333	0.6666666666666666	0.5925925925925926	0.576923076923
465	0.605769230769	0	0.6	0.75	0.6666666666666665	0.653846153846
465	0.605769230769	1	0.6428571428571429	0.75	0.6923076923076924	0.692307692308
465	0.605769230769	2	0.6	0.5	0.5454545454545454	0.615384615385
465	0.605769230769	3	0.4166666666666667	0.4166666666666667	0.4166666666666667	0.461538461538
470	0.625	0	0.5	0.4166666666666667	0.45454545454545453	0.538461538462
470	0.625	1	0.5882352941176471	0.8333333333333334	0.6896551724137931	0.653846153846
470	0.625	2	0.6923076923076923	0.75	0.7199999999999999	0.730769230769
470	0.625	3	0.5714285714285714	0.3333333333333333	0.4210526315789474	0.576923076923
473	0.634615384615	0	0.5555555555555556	0.4166666666666667	0.4761904761904762	0.576923076923
473	0.634615384615	1	0.7142857142857143	0.4166666666666667	0.5263157894736842	0.653846153846
473	0.634615384615	2	0.6363636363636364	0.5833333333333334	0.6086956521739131	0.653846153846
473	0.634615384615	3	0.6363636363636364	0.5833333333333334	0.6086956521739131	0.653846153846
475	0.605769230769	0	0.6	0.5	0.5454545454545454	0.615384615385
475	0.605769230769	1	0.6666666666666666	0.6666666666666666	0.6666666666666666	0.692307692308
475	0.605769230769	2	0.5384615384615384	0.5833333333333334	0.5599999999999999	0.576923076923
475	0.605769230769	3	0.5	0.3333333333333333	0.4	0.538461538462
492	0.605769230769	0	0.6666666666666666	0.6666666666666666	0.6666666666666666	0.692307692308
492	0.605769230769	1	0.6	0.5	0.5454545454545454	0.615384615385
492	0.605769230769	2	0.46153846153846156	0.5	0.48000000000000004	0.5
492	0.605769230769	3	0.6666666666666666	0.3333333333333333	0.4444444444444444	0.615384615385
506	0.653846153846	0	0.5789473684210527	0.9166666666666666	0.7096774193548387	0.653846153846
506	0.653846153846	1	0.6	0.75	0.6666666666666665	0.653846153846
506	0.653846153846	2	0.625	0.8333333333333334	0.7142857142857143	0.692307692308
506	0.653846153846	3	0.6666666666666666	0.3333333333333333	0.4444444444444444	0.615384615385
521	0.605769230769	0	0.6666666666666666	0.3333333333333333	0.4444444444444444	0.615384615385
521	0.605769230769	1	0.6	0.5	0.5454545454545454	0.615384615385
521	0.605769230769	2	0.5333333333333333	0.6666666666666666	0.5925925925925926	0.576923076923
521	0.605769230769	3	0.75	0.25	0.375	0.615384615385
522	0.625	0	0.8333333333333334	0.4166666666666667	0.5555555555555556	0.692307692308
522	0.625	1	0.7142857142857143	0.4166666666666667	0.5263157894736842	0.653846153846
522	0.625	2	0.5454545454545454	0.5	0.5217391304347826	0.576923076923
522	0.625	3	0.6666666666666666	0.16666666666666666	0.26666666666666666	0.576923076923
536	0.596153846154	0	0.5454545454545454	0.5	0.5217391304347826	0.576923076923
536	0.596153846154	1	0.5	0.75	0.6	0.538461538462
536	0.596153846154	2	0.6363636363636364	0.5833333333333334	0.6086956521739131	0.653846153846
536	0.596153846154	3	0.5625	0.75	0.6428571428571429	0.615384615385
537	0.605769230769	0	0.6666666666666666	0.6666666666666666	0.6666666666666666	0.692307692308
537	0.605769230769	1	0.5833333333333334	0.5833333333333334	0.5833333333333334	0.615384615385
537	0.605769230769	2	0.6	0.5	0.5454545454545454	0.615384615385
537	0.605769230769	3	0.4444444444444444	0.3333333333333333	0.380952380952381	0.5
538	0.605769230769	0	0.5714285714285714	0.6666666666666666	0.6153846153846153	0.615384615385
538	0.605769230769	1	0.5294117647058824	0.75	0.6206896551724139	0.576923076923
538	0.605769230769	2	0.6923076923076923	0.75	0.7199999999999999	0.730769230769
538	0.605769230769	3	0.4444444444444444	0.3333333333333333	0.380952380952381	0.5
539	0.596153846154	0	0.6363636363636364	0.5833333333333334	0.6086956521739131	0.653846153846
539	0.596153846154	1	0.5	0.5	0.5	0.538461538462
539	0.596153846154	2	0.5454545454545454	0.5	0.5217391304347826	0.576923076923
539	0.596153846154	3	0.625	0.4166666666666667	0.5	0.615384615385
540	0.673076923077	0	0.7142857142857143	0.4166666666666667	0.5263157894736842	0.653846153846
540	0.673076923077	1	0.5	0.4166666666666667	0.45454545454545453	0.538461538462
540	0.673076923077	2	1.0	0.5	0.6666666666666666	0.769230769231
540	0.673076923077	3	0.7272727272727273	0.6666666666666666	0.6956521739130435	0.730769230769
551	0.605769230769	0	0.5555555555555556	0.4166666666666667	0.4761904761904762	0.576923076923
551	0.605769230769	1	0.6	0.5	0.5454545454545454	0.615384615385
551	0.605769230769	2	0.6363636363636364	0.5833333333333334	0.6086956521739131	0.653846153846
551	0.605769230769	3	0.5384615384615384	0.5833333333333334	0.5599999999999999	0.576923076923
559	0.615384615385	0	0.5833333333333334	0.5833333333333334	0.5833333333333334	0.615384615385
559	0.615384615385	1	0.6	0.5	0.5454545454545454	0.615384615385
559	0.615384615385	2	0.6666666666666666	0.6666666666666666	0.6666666666666666	0.692307692308
559	0.615384615385	3	0.5	0.5	0.5	0.538461538462
570	0.605769230769	0	0.5454545454545454	0.5	0.5217391304347826	0.576923076923
570	0.605769230769	1	0.75	0.5	0.6	0.692307692308
570	0.605769230769	2	0.42857142857142855	0.25	0.3157894736842105	0.5
570	0.605769230769	3	0.7142857142857143	0.4166666666666667	0.5263157894736842	0.653846153846
580	0.615384615385	0	0.6153846153846154	0.6666666666666666	0.64	0.653846153846
580	0.615384615385	1	0.6153846153846154	0.6666666666666666	0.64	0.653846153846
580	0.615384615385	2	0.4166666666666667	0.4166666666666667	0.4166666666666667	0.461538461538
580	0.615384615385	3	0.6666666666666666	0.6666666666666666	0.6666666666666666	0.692307692308
581	0.596153846154	0	0.625	0.8333333333333334	0.7142857142857143	0.692307692308
581	0.596153846154	1	0.5454545454545454	0.5	0.5217391304347826	0.576923076923
581	0.596153846154	2	0.5	0.4166666666666667	0.45454545454545453	0.538461538462
581	0.596153846154	3	0.5714285714285714	0.3333333333333333	0.4210526315789474	0.576923076923
582	0.605769230769	0	0.5	0.16666666666666666	0.25	0.538461538462
582	0.605769230769	1	0.6666666666666666	0.3333333333333333	0.4444444444444444	0.615384615385
582	0.605769230769	2	0.5714285714285714	0.6666666666666666	0.6153846153846153	0.615384615385
582	0.605769230769	3	0.7142857142857143	0.4166666666666667	0.5263157894736842	0.653846153846
583	0.596153846154	0	0.6666666666666666	0.16666666666666666	0.26666666666666666	0.576923076923
583	0.596153846154	1	0.5714285714285714	0.3333333333333333	0.4210526315789474	0.576923076923
583	0.596153846154	2	0.5333333333333333	0.6666666666666666	0.5925925925925926	0.576923076923
583	0.596153846154	3	0.7142857142857143	0.4166666666666667	0.5263157894736842	0.653846153846
586	0.615384615385	0	0.6470588235294118	0.9166666666666666	0.7586206896551724	0.730769230769
586	0.615384615385	1	0.5294117647058824	0.75	0.6206896551724139	0.576923076923
586	0.615384615385	2	0.5294117647058824	0.75	0.6206896551724139	0.576923076923
586	0.615384615385	3	0.5333333333333333	0.6666666666666666	0.5925925925925926	0.576923076923
590	0.605769230769	0	0.6428571428571429	0.75	0.6923076923076924	0.692307692308
590	0.605769230769	1	0.5454545454545454	0.5	0.5217391304347826	0.576923076923
590	0.605769230769	2	0.5	0.4166666666666667	0.45454545454545453	0.538461538462
590	0.605769230769	3	0.625	0.4166666666666667	0.5	0.615384615385
593	0.596153846154	0	0.7	0.5833333333333334	0.6363636363636365	0.692307692308
593	0.596153846154	1	0.4444444444444444	0.6666666666666666	0.5333333333333333	0.461538461538
593	0.596153846154	2	0.5384615384615384	0.5833333333333334	0.5599999999999999	0.576923076923
593	0.596153846154	3	0.6153846153846154	0.6666666666666666	0.64	0.653846153846
614	0.596153846154	0	0.5714285714285714	0.6666666666666666	0.6153846153846153	0.615384615385
614	0.596153846154	1	0.5833333333333334	0.5833333333333334	0.5833333333333334	0.615384615385
614	0.596153846154	2	0.6666666666666666	0.5	0.5714285714285715	0.653846153846
614	0.596153846154	3	0.47058823529411764	0.6666666666666666	0.5517241379310345	0.5
615	0.634615384615	0	0.8	0.6666666666666666	0.7272727272727272	0.769230769231
615	0.634615384615	1	0.5384615384615384	0.5833333333333334	0.5599999999999999	0.576923076923
615	0.634615384615	2	0.5294117647058824	0.75	0.6206896551724139	0.576923076923
615	0.634615384615	3	0.5833333333333334	0.5833333333333334	0.5833333333333334	0.615384615385
621	0.596153846154	0	0.6666666666666666	0.5	0.5714285714285715	0.653846153846
621	0.596153846154	1	0.5	0.5833333333333334	0.5384615384615384	0.538461538462
621	0.596153846154	2	0.5384615384615384	0.5833333333333334	0.5599999999999999	0.576923076923
621	0.596153846154	3	0.5714285714285714	0.6666666666666666	0.6153846153846153	0.615384615385
622	0.644230769231	0	0.5384615384615384	0.5833333333333334	0.5599999999999999	0.576923076923
622	0.644230769231	1	0.6666666666666666	0.5	0.5714285714285715	0.653846153846
622	0.644230769231	2	0.5	0.5833333333333334	0.5384615384615384	0.538461538462
622	0.644230769231	3	0.8888888888888888	0.6666666666666666	0.761904761904762	0.807692307692
629	0.634615384615	0	0.8333333333333334	0.4166666666666667	0.5555555555555556	0.692307692308
629	0.634615384615	1	0.7142857142857143	0.4166666666666667	0.5263157894736842	0.653846153846
629	0.634615384615	2	0.5454545454545454	0.5	0.5217391304347826	0.576923076923
629	0.634615384615	3	0.5833333333333334	0.5833333333333334	0.5833333333333334	0.615384615385
632	0.605769230769	0	0.5833333333333334	0.5833333333333334	0.5833333333333334	0.615384615385
632	0.605769230769	1	0.42857142857142855	0.25	0.3157894736842105	0.5
632	0.605769230769	2	0.6153846153846154	0.6666666666666666	0.64	0.653846153846
632	0.605769230769	3	0.6363636363636364	0.5833333333333334	0.6086956521739131	0.653846153846
633	0.615384615385	0	0.6923076923076923	0.75	0.7199999999999999	0.730769230769
633	0.615384615385	1	0.5833333333333334	0.5833333333333334	0.5833333333333334	0.615384615385
633	0.615384615385	2	0.47058823529411764	0.6666666666666666	0.5517241379310345	0.5
633	0.615384615385	3	0.6	0.5	0.5454545454545454	0.615384615385
634	0.615384615385	0	0.5714285714285714	0.3333333333333333	0.4210526315789474	0.576923076923
634	0.615384615385	1	0.6666666666666666	0.8333333333333334	0.7407407407407408	0.730769230769
634	0.615384615385	2	0.5	0.4166666666666667	0.45454545454545453	0.538461538462
634	0.615384615385	3	0.6666666666666666	0.3333333333333333	0.4444444444444444	0.615384615385
644	0.634615384615	0	0.625	0.8333333333333334	0.7142857142857143	0.692307692308
644	0.634615384615	1	0.5625	0.75	0.6428571428571429	0.615384615385
644	0.634615384615	2	0.5	0.9166666666666666	0.6470588235294118	0.538461538462
644	0.634615384615	3	0.6666666666666666	0.6666666666666666	0.6666666666666666	0.692307692308
655	0.615384615385	0	0.7142857142857143	0.4166666666666667	0.5263157894736842	0.653846153846
655	0.615384615385	1	0.8	0.3333333333333333	0.47058823529411764	0.653846153846
655	0.615384615385	2	0.7142857142857143	0.4166666666666667	0.5263157894736842	0.653846153846
655	0.615384615385	3	0.46153846153846156	0.5	0.48000000000000004	0.5
661	0.596153846154	0	0.7	0.5833333333333334	0.6363636363636365	0.692307692308
661	0.596153846154	1	0.7142857142857143	0.4166666666666667	0.5263157894736842	0.653846153846
661	0.596153846154	2	0.375	0.25	0.3	0.461538461538
661	0.596153846154	3	0.5454545454545454	0.5	0.5217391304347826	0.576923076923
667	0.653846153846	0	0.625	0.4166666666666667	0.5	0.615384615385
667	0.653846153846	1	0.9090909090909091	0.8333333333333334	0.8695652173913043	0.884615384615
667	0.653846153846	2	0.4444444444444444	0.3333333333333333	0.380952380952381	0.5
667	0.653846153846	3	0.6	0.5	0.5454545454545454	0.615384615385
672	0.625	0	0.5555555555555556	0.4166666666666667	0.4761904761904762	0.576923076923
672	0.625	1	0.8571428571428571	0.5	0.631578947368421	0.730769230769
672	0.625	2	0.6153846153846154	0.6666666666666666	0.64	0.653846153846
672	0.625	3	0.5	0.5	0.5	0.538461538462
680	0.596153846154	0	0.6666666666666666	0.3333333333333333	0.4444444444444444	0.615384615385
680	0.596153846154	1	0.6666666666666666	0.16666666666666666	0.26666666666666666	0.576923076923
680	0.596153846154	2	0.5	0.3333333333333333	0.4	0.538461538462
680	0.596153846154	3	0.7142857142857143	0.4166666666666667	0.5263157894736842	0.653846153846
706	0.605769230769	0	0.6666666666666666	0.5	0.5714285714285715	0.653846153846
706	0.605769230769	1	0.5	0.6666666666666666	0.5714285714285715	0.538461538462
706	0.605769230769	2	0.55	0.9166666666666666	0.6874999999999999	0.615384615385
706	0.605769230769	3	0.5833333333333334	0.5833333333333334	0.5833333333333334	0.615384615385
707	0.605769230769	0	0.6	0.5	0.5454545454545454	0.615384615385
707	0.605769230769	1	0.6153846153846154	0.6666666666666666	0.64	0.653846153846
707	0.605769230769	2	0.5833333333333334	0.5833333333333334	0.5833333333333334	0.615384615385
707	0.605769230769	3	0.5	0.4166666666666667	0.45454545454545453	0.538461538462
713	0.615384615385	0	0.7142857142857143	0.8333333333333334	0.7692307692307692	0.769230769231
713	0.615384615385	1	0.4666666666666667	0.5833333333333334	0.5185185185185186	0.5
713	0.615384615385	2	0.5	0.4166666666666667	0.45454545454545453	0.538461538462
713	0.615384615385	3	0.6666666666666666	0.5	0.5714285714285715	0.653846153846
722	0.596153846154	0	0.5714285714285714	0.3333333333333333	0.4210526315789474	0.576923076923
722	0.596153846154	1	0.5333333333333333	0.6666666666666666	0.5925925925925926	0.576923076923
722	0.596153846154	2	0.6363636363636364	0.5833333333333334	0.6086956521739131	0.653846153846
722	0.596153846154	3	0.5263157894736842	0.8333333333333334	0.6451612903225806	0.576923076923
723	0.634615384615	0	0.5625	0.75	0.6428571428571429	0.615384615385
723	0.634615384615	1	0.5	0.5833333333333334	0.5384615384615384	0.538461538462
723	0.634615384615	2	0.7272727272727273	0.6666666666666666	0.6956521739130435	0.730769230769
723	0.634615384615	3	0.6153846153846154	0.6666666666666666	0.64	0.653846153846
731	0.615384615385	0	0.5833333333333334	0.5833333333333334	0.5833333333333334	0.615384615385
731	0.615384615385	1	0.5454545454545454	0.5	0.5217391304347826	0.576923076923
731	0.615384615385	2	0.6	0.75	0.6666666666666665	0.653846153846
731	0.615384615385	3	0.5625	0.75	0.6428571428571429	0.615384615385
742	0.634615384615	0	0.6666666666666666	0.6666666666666666	0.6666666666666666	0.692307692308
742	0.634615384615	1	0.5333333333333333	0.6666666666666666	0.5925925925925926	0.576923076923
742	0.634615384615	2	0.7	0.5833333333333334	0.6363636363636365	0.692307692308
742	0.634615384615	3	0.5714285714285714	0.3333333333333333	0.4210526315789474	0.576923076923
748	0.625	0	0.4444444444444444	0.3333333333333333	0.380952380952381	0.5
748	0.625	1	0.6666666666666666	0.6666666666666666	0.6666666666666666	0.692307692308
748	0.625	2	0.7	0.5833333333333334	0.6363636363636365	0.692307692308
748	0.625	3	0.6	0.5	0.5454545454545454	0.615384615385
750	0.663461538462	0	0.6666666666666666	0.8333333333333334	0.7407407407407408	0.730769230769
750	0.663461538462	1	0.5333333333333333	0.6666666666666666	0.5925925925925926	0.576923076923
750	0.663461538462	2	0.8333333333333334	0.8333333333333334	0.8333333333333334	0.846153846154
750	0.663461538462	3	0.42857142857142855	0.25	0.3157894736842105	0.5
757	0.692307692308	0	0.75	0.5	0.6	0.692307692308
757	0.692307692308	1	0.6666666666666666	0.5	0.5714285714285715	0.653846153846
757	0.692307692308	2	0.7142857142857143	0.8333333333333334	0.7692307692307692	0.769230769231
757	0.692307692308	3	0.6153846153846154	0.6666666666666666	0.64	0.653846153846
758	0.682692307692	0	0.625	0.4166666666666667	0.5	0.615384615385
758	0.682692307692	1	0.6363636363636364	0.5833333333333334	0.6086956521739131	0.653846153846
758	0.682692307692	2	0.8888888888888888	0.6666666666666666	0.761904761904762	0.807692307692
758	0.682692307692	3	0.6	0.75	0.6666666666666665	0.653846153846
769	0.605769230769	0	0.5714285714285714	0.6666666666666666	0.6153846153846153	0.615384615385
769	0.605769230769	1	0.5714285714285714	0.3333333333333333	0.4210526315789474	0.576923076923
769	0.605769230769	2	0.6363636363636364	0.5833333333333334	0.6086956521739131	0.653846153846
769	0.605769230769	3	0.5384615384615384	0.5833333333333334	0.5599999999999999	0.576923076923
773	0.605769230769	0	0.5	0.4166666666666667	0.45454545454545453	0.538461538462
773	0.605769230769	1	0.45454545454545453	0.4166666666666667	0.43478260869565216	0.5
773	0.605769230769	2	0.6363636363636364	0.5833333333333334	0.6086956521739131	0.653846153846
773	0.605769230769	3	0.6666666666666666	0.8333333333333334	0.7407407407407408	0.730769230769
782	0.653846153846	0	0.7272727272727273	0.6666666666666666	0.6956521739130435	0.730769230769
782	0.653846153846	1	0.6153846153846154	0.6666666666666666	0.64	0.653846153846
782	0.653846153846	2	0.45454545454545453	0.4166666666666667	0.43478260869565216	0.5
782	0.653846153846	3	0.8571428571428571	0.5	0.631578947368421	0.730769230769
783	0.673076923077	0	0.6875	0.9166666666666666	0.7857142857142857	0.769230769231
783	0.673076923077	1	0.6363636363636364	0.5833333333333334	0.6086956521739131	0.653846153846
783	0.673076923077	2	0.5384615384615384	0.5833333333333334	0.5599999999999999	0.576923076923
783	0.673076923077	3	0.6666666666666666	0.6666666666666666	0.6666666666666666	0.692307692308
786	0.605769230769	0	0.75	0.5	0.6	0.692307692308
786	0.605769230769	1	0.45454545454545453	0.4166666666666667	0.43478260869565216	0.5
786	0.605769230769	2	0.5555555555555556	0.4166666666666667	0.4761904761904762	0.576923076923
786	0.605769230769	3	0.6666666666666666	0.5	0.5714285714285715	0.653846153846
803	0.596153846154	0	0.6	0.5	0.5454545454545454	0.615384615385
803	0.596153846154	1	0.55	0.9166666666666666	0.6874999999999999	0.615384615385
803	0.596153846154	2	0.5555555555555556	0.4166666666666667	0.4761904761904762	0.576923076923
803	0.596153846154	3	0.5384615384615384	0.5833333333333334	0.5599999999999999	0.576923076923
814	0.625	0	0.7	0.5833333333333334	0.6363636363636365	0.692307692308
814	0.625	1	0.5714285714285714	0.6666666666666666	0.6153846153846153	0.615384615385
814	0.625	2	0.5	0.75	0.6	0.538461538462
814	0.625	3	0.6	0.75	0.6666666666666665	0.653846153846
817	0.596153846154	0	0.6	0.75	0.6666666666666665	0.653846153846
817	0.596153846154	1	0.625	0.4166666666666667	0.5	0.615384615385
817	0.596153846154	2	0.5454545454545454	0.5	0.5217391304347826	0.576923076923
817	0.596153846154	3	0.5	0.4166666666666667	0.45454545454545453	0.538461538462
822	0.634615384615	0	0.7	0.5833333333333334	0.6363636363636365	0.692307692308
822	0.634615384615	1	0.5	0.5	0.5	0.538461538462
822	0.634615384615	2	0.6153846153846154	0.6666666666666666	0.64	0.653846153846
822	0.634615384615	3	0.6	0.75	0.6666666666666665	0.653846153846
823	0.615384615385	0	0.7	0.5833333333333334	0.6363636363636365	0.692307692308
823	0.615384615385	1	0.5	0.5	0.5	0.538461538462
823	0.615384615385	2	0.5384615384615384	0.5833333333333334	0.5599999999999999	0.576923076923
823	0.615384615385	3	0.5882352941176471	0.8333333333333334	0.6896551724137931	0.653846153846
828	0.596153846154	0	0.75	0.5	0.6	0.692307692308
828	0.596153846154	1	0.5555555555555556	0.4166666666666667	0.4761904761904762	0.576923076923
828	0.596153846154	2	0.6153846153846154	0.6666666666666666	0.64	0.653846153846
828	0.596153846154	3	0.4	0.3333333333333333	0.3636363636363636	0.461538461538
844	0.644230769231	0	0.7777777777777778	0.5833333333333334	0.6666666666666666	0.730769230769
844	0.644230769231	1	0.5333333333333333	0.6666666666666666	0.5925925925925926	0.576923076923
844	0.644230769231	2	0.5833333333333334	0.5833333333333334	0.5833333333333334	0.615384615385
844	0.644230769231	3	0.6666666666666666	0.5	0.5714285714285715	0.653846153846
881	0.605769230769	0	0.6	0.5	0.5454545454545454	0.615384615385
881	0.605769230769	1	0.6	0.75	0.6666666666666665	0.653846153846
881	0.605769230769	2	0.5833333333333334	0.5833333333333334	0.5833333333333334	0.615384615385
881	0.605769230769	3	0.5	0.4166666666666667	0.45454545454545453	0.538461538462
884	0.634615384615	0	0.6	0.5	0.5454545454545454	0.615384615385
884	0.634615384615	1	0.8333333333333334	0.4166666666666667	0.5555555555555556	0.692307692308
884	0.634615384615	2	0.8	0.6666666666666666	0.7272727272727272	0.769230769231
884	0.634615384615	3	0.4166666666666667	0.4166666666666667	0.4166666666666667	0.461538461538
885	0.596153846154	0	0.7	0.5833333333333334	0.6363636363636365	0.692307692308
885	0.596153846154	1	0.5454545454545454	0.5	0.5217391304347826	0.576923076923
885	0.596153846154	2	0.6666666666666666	0.6666666666666666	0.6666666666666666	0.692307692308
885	0.596153846154	3	0.3333333333333333	0.25	0.28571428571428575	0.423076923077
886	0.644230769231	0	0.5333333333333333	0.6666666666666666	0.5925925925925926	0.576923076923
886	0.644230769231	1	0.8571428571428571	0.5	0.631578947368421	0.730769230769
886	0.644230769231	2	0.7	0.5833333333333334	0.6363636363636365	0.692307692308
886	0.644230769231	3	0.5714285714285714	0.3333333333333333	0.4210526315789474	0.576923076923
887	0.625	0	0.5833333333333334	0.5833333333333334	0.5833333333333334	0.615384615385
887	0.625	1	0.5333333333333333	0.6666666666666666	0.5925925925925926	0.576923076923
887	0.625	2	0.5555555555555556	0.8333333333333334	0.6666666666666667	0.615384615385
887	0.625	3	0.7	0.5833333333333334	0.6363636363636365	0.692307692308
888	0.625	0	0.6666666666666666	0.3333333333333333	0.4444444444444444	0.615384615385
888	0.625	1	0.5882352941176471	0.8333333333333334	0.6896551724137931	0.653846153846
888	0.625	2	0.5714285714285714	0.6666666666666666	0.6153846153846153	0.615384615385
888	0.625	3	0.6	0.5	0.5454545454545454	0.615384615385
894	0.663461538462	0	0.7142857142857143	0.8333333333333334	0.7692307692307692	0.769230769231
894	0.663461538462	1	0.5	0.6666666666666666	0.5714285714285715	0.538461538462
894	0.663461538462	2	0.6666666666666666	0.8333333333333334	0.7407407407407408	0.730769230769
894	0.663461538462	3	0.6	0.5	0.5454545454545454	0.615384615385
899	0.644230769231	0	0.6363636363636364	0.5833333333333334	0.6086956521739131	0.653846153846
899	0.644230769231	1	0.7692307692307693	0.8333333333333334	0.8	0.807692307692
899	0.644230769231	2	0.5555555555555556	0.4166666666666667	0.4761904761904762	0.576923076923
899	0.644230769231	3	0.5	0.5	0.5	0.538461538462
915	0.596153846154	0	0.7	0.5833333333333334	0.6363636363636365	0.692307692308
915	0.596153846154	1	0.5384615384615384	0.5833333333333334	0.5599999999999999	0.576923076923
915	0.596153846154	2	0.6	0.5	0.5454545454545454	0.615384615385
915	0.596153846154	3	0.47058823529411764	0.6666666666666666	0.5517241379310345	0.5
916	0.634615384615	0	0.6666666666666666	0.6666666666666666	0.6666666666666666	0.692307692308
916	0.634615384615	1	0.6923076923076923	0.75	0.7199999999999999	0.730769230769
916	0.634615384615	2	0.5	0.5	0.5	0.538461538462
916	0.634615384615	3	0.5454545454545454	0.5	0.5217391304347826	0.576923076923
922	0.605769230769	0	0.6363636363636364	0.5833333333333334	0.6086956521739131	0.653846153846
922	0.605769230769	1	0.6153846153846154	0.6666666666666666	0.64	0.653846153846
922	0.605769230769	2	0.6363636363636364	0.5833333333333334	0.6086956521739131	0.653846153846
922	0.605769230769	3	0.4166666666666667	0.4166666666666667	0.4166666666666667	0.461538461538
929	0.615384615385	0	0.5833333333333334	0.5833333333333334	0.5833333333333334	0.615384615385
929	0.615384615385	1	0.5714285714285714	0.6666666666666666	0.6153846153846153	0.615384615385
929	0.615384615385	2	0.7	0.5833333333333334	0.6363636363636365	0.692307692308
929	0.615384615385	3	0.5	0.5	0.5	0.538461538462
934	0.644230769231	0	0.75	0.5	0.6	0.692307692308
934	0.644230769231	1	0.5833333333333334	0.5833333333333334	0.5833333333333334	0.615384615385
934	0.644230769231	2	0.6923076923076923	0.75	0.7199999999999999	0.730769230769
934	0.644230769231	3	0.5	0.5	0.5	0.538461538462
940	0.634615384615	0	0.6666666666666666	0.3333333333333333	0.4444444444444444	0.615384615385
940	0.634615384615	1	0.6666666666666666	0.5	0.5714285714285715	0.653846153846
940	0.634615384615	2	0.8571428571428571	0.5	0.631578947368421	0.730769230769
940	0.634615384615	3	0.5	0.4166666666666667	0.45454545454545453	0.538461538462
945	0.615384615385	0	0.8571428571428571	0.5	0.631578947368421	0.730769230769
945	0.615384615385	1	0.5625	0.75	0.6428571428571429	0.615384615385
945	0.615384615385	2	0.5833333333333334	0.5833333333333334	0.5833333333333334	0.615384615385
945	0.615384615385	3	0.45454545454545453	0.4166666666666667	0.43478260869565216	0.5
960	0.653846153846	0	0.8571428571428571	0.5	0.631578947368421	0.730769230769
960	0.653846153846	1	0.5714285714285714	0.6666666666666666	0.6153846153846153	0.615384615385
960	0.653846153846	2	0.7	0.5833333333333334	0.6363636363636365	0.692307692308
960	0.653846153846	3	0.5454545454545454	0.5	0.5217391304347826	0.576923076923
972	0.673076923077	0	0.6923076923076923	0.75	0.7199999999999999	0.730769230769
972	0.673076923077	1	0.6363636363636364	0.5833333333333334	0.6086956521739131	0.653846153846
972	0.673076923077	2	0.625	0.4166666666666667	0.5	0.615384615385
972	0.673076923077	3	0.6666666666666666	0.6666666666666666	0.6666666666666666	0.692307692308
987	0.605769230769	0	0.5384615384615384	0.5833333333333334	0.5599999999999999	0.576923076923
987	0.605769230769	1	0.6	0.5	0.5454545454545454	0.615384615385
987	0.605769230769	2	0.7777777777777778	0.5833333333333334	0.6666666666666666	0.730769230769
987	0.605769230769	3	0.4444444444444444	0.3333333333333333	0.380952380952381	0.5
991	0.596153846154	0	0.5	0.4166666666666667	0.45454545454545453	0.538461538462
991	0.596153846154	1	0.6	0.5	0.5454545454545454	0.615384615385
991	0.596153846154	2	0.5333333333333333	0.6666666666666666	0.5925925925925926	0.576923076923
991	0.596153846154	3	0.8	0.3333333333333333	0.47058823529411764	0.653846153846
996	0.605769230769	0	0.6666666666666666	0.6666666666666666	0.6666666666666666	0.692307692308
996	0.605769230769	1	0.5384615384615384	0.5833333333333334	0.5599999999999999	0.576923076923
996	0.605769230769	2	0.6111111111111112	0.9166666666666666	0.7333333333333334	0.692307692308
996	0.605769230769	3	0.42857142857142855	0.5	0.4615384615384615	0.461538461538
1003	0.634615384615	0	0.6	0.5	0.5454545454545454	0.615384615385
1003	0.634615384615	1	0.6363636363636364	0.5833333333333334	0.6086956521739131	0.653846153846
1003	0.634615384615	2	0.6923076923076923	0.75	0.7199999999999999	0.730769230769
1003	0.634615384615	3	0.5	0.5833333333333334	0.5384615384615384	0.538461538462
1006	0.596153846154	0	0.6666666666666666	0.5	0.5714285714285715	0.653846153846
1006	0.596153846154	1	0.5384615384615384	0.5833333333333334	0.5599999999999999	0.576923076923
1006	0.596153846154	2	0.5714285714285714	0.6666666666666666	0.6153846153846153	0.615384615385
1006	0.596153846154	3	0.5	0.5833333333333334	0.5384615384615384	0.538461538462
1009	0.615384615385	0	0.7	0.5833333333333334	0.6363636363636365	0.692307692308
1009	0.615384615385	1	0.4444444444444444	0.3333333333333333	0.380952380952381	0.5
1009	0.615384615385	2	0.6363636363636364	0.5833333333333334	0.6086956521739131	0.653846153846
1009	0.615384615385	3	0.6	0.5	0.5454545454545454	0.615384615385
1014	0.596153846154	0	0.36363636363636365	0.3333333333333333	0.34782608695652173	0.423076923077
1014	0.596153846154	1	0.75	0.5	0.6	0.692307692308
1014	0.596153846154	2	0.7	0.5833333333333334	0.6363636363636365	0.692307692308
1014	0.596153846154	3	0.5333333333333333	0.6666666666666666	0.5925925925925926	0.576923076923
1029	0.596153846154	0	0.6	0.5	0.5454545454545454	0.615384615385
1029	0.596153846154	1	0.4444444444444444	0.3333333333333333	0.380952380952381	0.5
1029	0.596153846154	2	0.6666666666666666	0.5	0.5714285714285715	0.653846153846
1029	0.596153846154	3	0.625	0.4166666666666667	0.5	0.615384615385
1081	0.605769230769	0	0.7272727272727273	0.6666666666666666	0.6956521739130435	0.730769230769
1081	0.605769230769	1	0.5555555555555556	0.4166666666666667	0.4761904761904762	0.576923076923
1081	0.605769230769	2	0.46153846153846156	0.5	0.48000000000000004	0.5
1081	0.605769230769	3	0.6	0.5	0.5454545454545454	0.615384615385
1086	0.625	0	0.5833333333333334	0.5833333333333334	0.5833333333333334	0.615384615385
1086	0.625	1	0.5555555555555556	0.4166666666666667	0.4761904761904762	0.576923076923
1086	0.625	2	0.6428571428571429	0.75	0.6923076923076924	0.692307692308
1086	0.625	3	0.6666666666666666	0.3333333333333333	0.4444444444444444	0.615384615385
1091	0.605769230769	0	0.625	0.4166666666666667	0.5	0.615384615385
1091	0.605769230769	1	0.6666666666666666	0.6666666666666666	0.6666666666666666	0.692307692308
1091	0.605769230769	2	0.5	0.3333333333333333	0.4	0.538461538462
1091	0.605769230769	3	0.5384615384615384	0.5833333333333334	0.5599999999999999	0.576923076923
1095	0.634615384615	0	0.6666666666666666	0.6666666666666666	0.6666666666666666	0.692307692308
1095	0.634615384615	1	0.6	0.5	0.5454545454545454	0.615384615385
1095	0.634615384615	2	0.6153846153846154	0.6666666666666666	0.64	0.653846153846
1095	0.634615384615	3	0.5555555555555556	0.4166666666666667	0.4761904761904762	0.576923076923
1104	0.644230769231	0	0.6666666666666666	0.6666666666666666	0.6666666666666666	0.692307692308
1104	0.644230769231	1	0.7142857142857143	0.8333333333333334	0.7692307692307692	0.769230769231
1104	0.644230769231	2	0.5714285714285714	0.6666666666666666	0.6153846153846153	0.615384615385
1104	0.644230769231	3	0.4444444444444444	0.3333333333333333	0.380952380952381	0.5
1110	0.634615384615	0	0.6153846153846154	0.6666666666666666	0.64	0.653846153846
1110	0.634615384615	1	0.5555555555555556	0.4166666666666667	0.4761904761904762	0.576923076923
1110	0.634615384615	2	0.6363636363636364	0.5833333333333334	0.6086956521739131	0.653846153846
1110	0.634615384615	3	0.6666666666666666	0.5	0.5714285714285715	0.653846153846
1117	0.625	0	0.7142857142857143	0.4166666666666667	0.5263157894736842	0.653846153846
1117	0.625	1	0.6	0.5	0.5454545454545454	0.615384615385
1117	0.625	2	0.6363636363636364	0.5833333333333334	0.6086956521739131	0.653846153846
1117	0.625	3	0.5454545454545454	0.5	0.5217391304347826	0.576923076923
1125	0.721153846154	0	0.7272727272727273	0.6666666666666666	0.6956521739130435	0.730769230769
1125	0.721153846154	1	0.6	0.75	0.6666666666666665	0.653846153846
1125	0.721153846154	2	0.7692307692307693	0.8333333333333334	0.8	0.807692307692
1125	0.721153846154	3	0.7	0.5833333333333334	0.6363636363636365	0.692307692308
1126	0.682692307692	0	0.5	0.5833333333333334	0.5384615384615384	0.538461538462
1126	0.682692307692	1	0.8181818181818182	0.75	0.7826086956521738	0.807692307692
1126	0.682692307692	2	0.6153846153846154	0.6666666666666666	0.64	0.653846153846
1126	0.682692307692	3	0.7777777777777778	0.5833333333333334	0.6666666666666666	0.730769230769
1134	0.605769230769	0	0.5714285714285714	0.6666666666666666	0.6153846153846153	0.615384615385
1134	0.605769230769	1	0.6363636363636364	0.5833333333333334	0.6086956521739131	0.653846153846
1134	0.605769230769	2	0.6153846153846154	0.6666666666666666	0.64	0.653846153846
1134	0.605769230769	3	0.45454545454545453	0.4166666666666667	0.43478260869565216	0.5
1142	0.615384615385	0	0.6	0.5	0.5454545454545454	0.615384615385
1142	0.615384615385	1	0.6666666666666666	0.5	0.5714285714285715	0.653846153846
1142	0.615384615385	2	0.7777777777777778	0.5833333333333334	0.6666666666666666	0.730769230769
1142	0.615384615385	3	0.42857142857142855	0.5	0.4615384615384615	0.461538461538
1168	0.634615384615	0	0.7777777777777778	0.5833333333333334	0.6666666666666666	0.730769230769
1168	0.634615384615	1	0.5333333333333333	0.6666666666666666	0.5925925925925926	0.576923076923
1168	0.634615384615	2	0.5714285714285714	0.6666666666666666	0.6153846153846153	0.615384615385
1168	0.634615384615	3	0.6666666666666666	0.3333333333333333	0.4444444444444444	0.615384615385
1177	0.596153846154	0	0.6363636363636364	0.5833333333333334	0.6086956521739131	0.653846153846
1177	0.596153846154	1	0.5384615384615384	0.5833333333333334	0.5599999999999999	0.576923076923
1177	0.596153846154	2	0.5	0.4166666666666667	0.45454545454545453	0.538461538462
1177	0.596153846154	3	0.625	0.4166666666666667	0.5	0.615384615385
1201	0.596153846154	0	0.5454545454545454	0.5	0.5217391304347826	0.576923076923
1201	0.596153846154	1	0.625	0.4166666666666667	0.5	0.615384615385
1201	0.596153846154	2	0.6363636363636364	0.5833333333333334	0.6086956521739131	0.653846153846
1201	0.596153846154	3	0.5	0.4166666666666667	0.45454545454545453	0.538461538462
1253	0.615384615385	0	0.5	0.16666666666666666	0.25	0.538461538462
1253	0.615384615385	1	0.5882352941176471	0.8333333333333334	0.6896551724137931	0.653846153846
1253	0.615384615385	2	0.7272727272727273	0.6666666666666666	0.6956521739130435	0.730769230769
1253	0.615384615385	3	0.5	0.5	0.5	0.538461538462
1261	0.596153846154	0	0.5	0.4166666666666667	0.45454545454545453	0.538461538462
1261	0.596153846154	1	0.625	0.4166666666666667	0.5	0.615384615385
1261	0.596153846154	2	0.5555555555555556	0.4166666666666667	0.4761904761904762	0.576923076923
1261	0.596153846154	3	0.6666666666666666	0.5	0.5714285714285715	0.653846153846
1268	0.634615384615	0	0.75	0.25	0.375	0.615384615385
1268	0.634615384615	1	0.8333333333333334	0.4166666666666667	0.5555555555555556	0.692307692308
1268	0.634615384615	2	0.625	0.4166666666666667	0.5	0.615384615385
1268	0.634615384615	3	0.6666666666666666	0.3333333333333333	0.4444444444444444	0.615384615385
1280	0.596153846154	0	0.625	0.4166666666666667	0.5	0.615384615385
1280	0.596153846154	1	0.6428571428571429	0.75	0.6923076923076924	0.692307692308
1280	0.596153846154	2	0.4166666666666667	0.4166666666666667	0.4166666666666667	0.461538461538
1280	0.596153846154	3	0.5555555555555556	0.8333333333333334	0.6666666666666667	0.615384615385
1283	0.596153846154	0	0.6666666666666666	0.5	0.5714285714285715	0.653846153846
1283	0.596153846154	1	0.5333333333333333	0.6666666666666666	0.5925925925925926	0.576923076923
1283	0.596153846154	2	0.5	0.6666666666666666	0.5714285714285715	0.538461538462
1283	0.596153846154	3	0.5833333333333334	0.5833333333333334	0.5833333333333334	0.615384615385
1284	0.625	0	0.6	0.5	0.5454545454545454	0.615384615385
1284	0.625	1	0.6153846153846154	0.6666666666666666	0.64	0.653846153846
1284	0.625	2	0.5	0.5	0.5	0.538461538462
1284	0.625	3	0.7	0.5833333333333334	0.6363636363636365	0.692307692308
1291	0.673076923077	0	0.6	0.5	0.5454545454545454	0.615384615385
1291	0.673076923077	1	0.6923076923076923	0.75	0.7199999999999999	0.730769230769
1291	0.673076923077	2	0.75	0.75	0.75	0.769230769231
1291	0.673076923077	3	0.5333333333333333	0.6666666666666666	0.5925925925925926	0.576923076923
1294	0.644230769231	0	0.6666666666666666	0.5	0.5714285714285715	0.653846153846
1294	0.644230769231	1	0.5714285714285714	0.6666666666666666	0.6153846153846153	0.615384615385
1294	0.644230769231	2	0.6	0.75	0.6666666666666665	0.653846153846
1294	0.644230769231	3	0.7142857142857143	0.4166666666666667	0.5263157894736842	0.653846153846
1297	0.634615384615	0	0.6	0.5	0.5454545454545454	0.615384615385
1297	0.634615384615	1	0.6363636363636364	0.5833333333333334	0.6086956521739131	0.653846153846
1297	0.634615384615	2	0.7142857142857143	0.4166666666666667	0.5263157894736842	0.653846153846
1297	0.634615384615	3	0.6666666666666666	0.3333333333333333	0.4444444444444444	0.615384615385
1303	0.644230769231	0	0.6666666666666666	0.6666666666666666	0.6666666666666666	0.692307692308
1303	0.644230769231	1	0.6111111111111112	0.9166666666666666	0.7333333333333334	0.692307692308
1303	0.644230769231	2	0.5714285714285714	0.6666666666666666	0.6153846153846153	0.615384615385
1303	0.644230769231	3	0.5714285714285714	0.3333333333333333	0.4210526315789474	0.576923076923
1309	0.634615384615	0	0.5625	0.75	0.6428571428571429	0.615384615385
1309	0.634615384615	1	0.6111111111111112	0.9166666666666666	0.7333333333333334	0.692307692308
1309	0.634615384615	2	0.46153846153846156	0.5	0.48000000000000004	0.5
1309	0.634615384615	3	0.6923076923076923	0.75	0.7199999999999999	0.730769230769
1310	0.596153846154	0	0.5	0.6666666666666666	0.5714285714285715	0.538461538462
1310	0.596153846154	1	0.6875	0.9166666666666666	0.7857142857142857	0.769230769231
1310	0.596153846154	2	0.5882352941176471	0.8333333333333334	0.6896551724137931	0.653846153846
1310	0.596153846154	3	0.2857142857142857	0.16666666666666666	0.2105263157894737	0.423076923077
1313	0.634615384615	0	0.5384615384615384	0.5833333333333334	0.5599999999999999	0.576923076923
1313	0.634615384615	1	0.6666666666666666	0.6666666666666666	0.6666666666666666	0.692307692308
1313	0.634615384615	2	0.6363636363636364	0.5833333333333334	0.6086956521739131	0.653846153846
1313	0.634615384615	3	0.6	0.5	0.5454545454545454	0.615384615385
1329	0.615384615385	0	0.6363636363636364	0.5833333333333334	0.6086956521739131	0.653846153846
1329	0.615384615385	1	0.75	0.5	0.6	0.692307692308
1329	0.615384615385	2	0.5	0.4166666666666667	0.45454545454545453	0.538461538462
1329	0.615384615385	3	0.6	0.25	0.35294117647058826	0.576923076923
1336	0.682692307692	0	0.7272727272727273	0.6666666666666666	0.6956521739130435	0.730769230769
1336	0.682692307692	1	0.7	0.5833333333333334	0.6363636363636365	0.692307692308
1336	0.682692307692	2	0.6	0.5	0.5454545454545454	0.615384615385
1336	0.682692307692	3	0.6666666666666666	0.6666666666666666	0.6666666666666666	0.692307692308
1376	0.596153846154	0	0.5	0.3333333333333333	0.4	0.538461538462
1376	0.596153846154	1	0.6	0.5	0.5454545454545454	0.615384615385
1376	0.596153846154	2	0.7	0.5833333333333334	0.6363636363636365	0.692307692308
1376	0.596153846154	3	0.5	0.5	0.5	0.538461538462
1382	0.625	0	0.7142857142857143	0.4166666666666667	0.5263157894736842	0.653846153846
1382	0.625	1	0.5	0.3333333333333333	0.4	0.538461538462
1382	0.625	2	0.6666666666666666	0.6666666666666666	0.6666666666666666	0.692307692308
1382	0.625	3	0.625	0.4166666666666667	0.5	0.615384615385
1415	0.644230769231	0	0.6666666666666666	0.6666666666666666	0.6666666666666666	0.692307692308
1415	0.644230769231	1	0.5714285714285714	0.6666666666666666	0.6153846153846153	0.615384615385
1415	0.644230769231	2	0.6923076923076923	0.75	0.7199999999999999	0.730769230769
1415	0.644230769231	3	0.5	0.4166666666666667	0.45454545454545453	0.538461538462
1426	0.596153846154	0	0.6428571428571429	0.75	0.6923076923076924	0.692307692308
1426	0.596153846154	1	0.46153846153846156	0.5	0.48000000000000004	0.5
1426	0.596153846154	2	0.5333333333333333	0.6666666666666666	0.5925925925925926	0.576923076923
1426	0.596153846154	3	0.5625	0.75	0.6428571428571429	0.615384615385
1436	0.653846153846	0	0.6666666666666666	0.8333333333333334	0.7407407407407408	0.730769230769
1436	0.653846153846	1	0.6153846153846154	0.6666666666666666	0.64	0.653846153846
1436	0.653846153846	2	0.5	0.5833333333333334	0.5384615384615384	0.538461538462
1436	0.653846153846	3	0.6428571428571429	0.75	0.6923076923076924	0.692307692308
1438	0.615384615385	0	0.8	0.3333333333333333	0.47058823529411764	0.653846153846
1438	0.615384615385	1	0.625	0.4166666666666667	0.5	0.615384615385
1438	0.615384615385	2	0.6428571428571429	0.75	0.6923076923076924	0.692307692308
1438	0.615384615385	3	0.45454545454545453	0.4166666666666667	0.43478260869565216	0.5
1462	0.596153846154	0	0.6666666666666666	0.3333333333333333	0.4444444444444444	0.615384615385
1462	0.596153846154	1	0.5	0.6666666666666666	0.5714285714285715	0.538461538462
1462	0.596153846154	2	0.5714285714285714	0.3333333333333333	0.4210526315789474	0.576923076923
1462	0.596153846154	3	0.6666666666666666	0.5	0.5714285714285715	0.653846153846
1508	0.653846153846	0	0.5454545454545454	0.5	0.5217391304347826	0.576923076923
1508	0.653846153846	1	0.6	0.5	0.5454545454545454	0.615384615385
1508	0.653846153846	2	0.7142857142857143	0.4166666666666667	0.5263157894736842	0.653846153846
1508	0.653846153846	3	0.875	0.5833333333333334	0.7000000000000001	0.769230769231
1535	0.634615384615	0	0.75	0.75	0.75	0.769230769231
1535	0.634615384615	1	0.8333333333333334	0.4166666666666667	0.5555555555555556	0.692307692308
1535	0.634615384615	2	0.45454545454545453	0.4166666666666667	0.43478260869565216	0.5
1535	0.634615384615	3	0.5714285714285714	0.3333333333333333	0.4210526315789474	0.576923076923
1537	0.625	0	0.625	0.4166666666666667	0.5	0.615384615385
1537	0.625	1	0.5454545454545454	0.5	0.5217391304347826	0.576923076923
1537	0.625	2	0.6923076923076923	0.75	0.7199999999999999	0.730769230769
1537	0.625	3	0.5384615384615384	0.5833333333333334	0.5599999999999999	0.576923076923
1538	0.605769230769	0	0.5	0.16666666666666666	0.25	0.538461538462
1538	0.605769230769	1	0.7142857142857143	0.4166666666666667	0.5263157894736842	0.653846153846
1538	0.605769230769	2	0.7	0.5833333333333334	0.6363636363636365	0.692307692308
1538	0.605769230769	3	0.5	0.4166666666666667	0.45454545454545453	0.538461538462
1551	0.615384615385	0	0.6363636363636364	0.5833333333333334	0.6086956521739131	0.653846153846
1551	0.615384615385	1	0.5	0.5	0.5	0.538461538462
1551	0.615384615385	2	0.75	0.5	0.6	0.692307692308
1551	0.615384615385	3	0.5555555555555556	0.4166666666666667	0.4761904761904762	0.576923076923
1557	0.605769230769	0	0.5833333333333334	0.5833333333333334	0.5833333333333334	0.615384615385
1557	0.605769230769	1	0.6666666666666666	0.5	0.5714285714285715	0.653846153846
1557	0.605769230769	2	0.5384615384615384	0.5833333333333334	0.5599999999999999	0.576923076923
1557	0.605769230769	3	0.5333333333333333	0.6666666666666666	0.5925925925925926	0.576923076923
1567	0.596153846154	0	0.625	0.8333333333333334	0.7142857142857143	0.692307692308
1567	0.596153846154	1	0.5294117647058824	0.75	0.6206896551724139	0.576923076923
1567	0.596153846154	2	0.6	0.75	0.6666666666666665	0.653846153846
1567	0.596153846154	3	0.42857142857142855	0.5	0.4615384615384615	0.461538461538
1622	0.605769230769	0	0.625	0.4166666666666667	0.5	0.615384615385
1622	0.605769230769	1	0.6	0.5	0.5454545454545454	0.615384615385
1622	0.605769230769	2	0.5714285714285714	0.3333333333333333	0.4210526315789474	0.576923076923
1622	0.605769230769	3	0.5714285714285714	0.6666666666666666	0.6153846153846153	0.615384615385
1627	0.605769230769	0	0.5	0.3333333333333333	0.4	0.538461538462
1627	0.605769230769	1	0.5714285714285714	0.3333333333333333	0.4210526315789474	0.576923076923
1627	0.605769230769	2	0.8333333333333334	0.4166666666666667	0.5555555555555556	0.692307692308
1627	0.605769230769	3	0.5833333333333334	0.5833333333333334	0.5833333333333334	0.615384615385
1653	0.644230769231	0	0.6428571428571429	0.75	0.6923076923076924	0.692307692308
1653	0.644230769231	1	0.5714285714285714	0.6666666666666666	0.6153846153846153	0.615384615385
1653	0.644230769231	2	0.6666666666666666	0.6666666666666666	0.6666666666666666	0.692307692308
1653	0.644230769231	3	0.5555555555555556	0.4166666666666667	0.4761904761904762	0.576923076923
1654	0.644230769231	0	1.0	0.5833333333333334	0.7368421052631579	0.807692307692
1654	0.644230769231	1	0.5625	0.75	0.6428571428571429	0.615384615385
1654	0.644230769231	2	0.6666666666666666	0.5	0.5714285714285715	0.653846153846
1654	0.644230769231	3	0.4444444444444444	0.3333333333333333	0.380952380952381	0.5
1700	0.625	0	0.5555555555555556	0.4166666666666667	0.4761904761904762	0.576923076923
1700	0.625	1	0.7142857142857143	0.4166666666666667	0.5263157894736842	0.653846153846
1700	0.625	2	0.8333333333333334	0.4166666666666667	0.5555555555555556	0.692307692308
1700	0.625	3	0.5384615384615384	0.5833333333333334	0.5599999999999999	0.576923076923
1701	0.596153846154	0	0.5555555555555556	0.4166666666666667	0.4761904761904762	0.576923076923
1701	0.596153846154	1	0.6666666666666666	0.3333333333333333	0.4444444444444444	0.615384615385
1701	0.596153846154	2	0.75	0.5	0.6	0.692307692308
1701	0.596153846154	3	0.45454545454545453	0.4166666666666667	0.43478260869565216	0.5
1708	0.653846153846	0	0.6	0.5	0.5454545454545454	0.615384615385
1708	0.653846153846	1	0.6666666666666666	0.6666666666666666	0.6666666666666666	0.692307692308
1708	0.653846153846	2	0.6666666666666666	0.6666666666666666	0.6666666666666666	0.692307692308
1708	0.653846153846	3	0.6666666666666666	0.3333333333333333	0.4444444444444444	0.615384615385
1729	0.596153846154	0	0.875	0.5833333333333334	0.7000000000000001	0.769230769231
1729	0.596153846154	1	0.42857142857142855	0.5	0.4615384615384615	0.461538461538
1729	0.596153846154	2	0.5	0.4166666666666667	0.45454545454545453	0.538461538462
1729	0.596153846154	3	0.5625	0.75	0.6428571428571429	0.615384615385
1771	0.605769230769	0	0.5	0.5	0.5	0.538461538462
1771	0.605769230769	1	0.5	0.5	0.5	0.538461538462
1771	0.605769230769	2	0.6153846153846154	0.6666666666666666	0.64	0.653846153846
1771	0.605769230769	3	0.6428571428571429	0.75	0.6923076923076924	0.692307692308
1775	0.625	0	0.6363636363636364	0.5833333333333334	0.6086956521739131	0.653846153846
1775	0.625	1	0.6	0.5	0.5454545454545454	0.615384615385
1775	0.625	2	0.5384615384615384	0.5833333333333334	0.5599999999999999	0.576923076923
1775	0.625	3	0.6	0.75	0.6666666666666665	0.653846153846
1778	0.644230769231	0	0.7272727272727273	0.6666666666666666	0.6956521739130435	0.730769230769
1778	0.644230769231	1	0.6363636363636364	0.5833333333333334	0.6086956521739131	0.653846153846
1778	0.644230769231	2	0.8	0.3333333333333333	0.47058823529411764	0.653846153846
1778	0.644230769231	3	0.5	0.4166666666666667	0.45454545454545453	0.538461538462
1790	0.596153846154	0	0.5833333333333334	0.5833333333333334	0.5833333333333334	0.615384615385
1790	0.596153846154	1	0.7	0.5833333333333334	0.6363636363636365	0.692307692308
1790	0.596153846154	2	0.46153846153846156	0.5	0.48000000000000004	0.5
1790	0.596153846154	3	0.5333333333333333	0.6666666666666666	0.5925925925925926	0.576923076923
1796	0.605769230769	0	0.5714285714285714	0.6666666666666666	0.6153846153846153	0.615384615385
1796	0.605769230769	1	0.6153846153846154	0.6666666666666666	0.64	0.653846153846
1796	0.605769230769	2	0.6153846153846154	0.6666666666666666	0.64	0.653846153846
1796	0.605769230769	3	0.4444444444444444	0.3333333333333333	0.380952380952381	0.5
1829	0.634615384615	0	0.7142857142857143	0.8333333333333334	0.7692307692307692	0.769230769231
1829	0.634615384615	1	0.5	0.5833333333333334	0.5384615384615384	0.538461538462
1829	0.634615384615	2	0.5714285714285714	0.3333333333333333	0.4210526315789474	0.576923076923
1829	0.634615384615	3	0.6363636363636364	0.5833333333333334	0.6086956521739131	0.653846153846
1844	0.596153846154	0	0.5714285714285714	0.3333333333333333	0.4210526315789474	0.576923076923
1844	0.596153846154	1	0.6666666666666666	0.6666666666666666	0.6666666666666666	0.692307692308
1844	0.596153846154	2	0.6	0.25	0.35294117647058826	0.576923076923
1844	0.596153846154	3	0.5	0.25	0.3333333333333333	0.538461538462
1845	0.653846153846	0	0.6153846153846154	0.6666666666666666	0.64	0.653846153846
1845	0.653846153846	1	0.5384615384615384	0.5833333333333334	0.5599999999999999	0.576923076923
1845	0.653846153846	2	0.7	0.5833333333333334	0.6363636363636365	0.692307692308
1845	0.653846153846	3	0.7	0.5833333333333334	0.6363636363636365	0.692307692308
1863	0.605769230769	0	0.6666666666666666	0.3333333333333333	0.4444444444444444	0.615384615385
1863	0.605769230769	1	0.7142857142857143	0.4166666666666667	0.5263157894736842	0.653846153846
1863	0.605769230769	2	0.5555555555555556	0.4166666666666667	0.4761904761904762	0.576923076923
1863	0.605769230769	3	0.5454545454545454	0.5	0.5217391304347826	0.576923076923
1864	0.596153846154	0	0.5384615384615384	0.5833333333333334	0.5599999999999999	0.576923076923
1864	0.596153846154	1	0.5454545454545454	0.5	0.5217391304347826	0.576923076923
1864	0.596153846154	2	0.7142857142857143	0.4166666666666667	0.5263157894736842	0.653846153846
1864	0.596153846154	3	0.5714285714285714	0.3333333333333333	0.4210526315789474	0.576923076923
1891	0.634615384615	0	0.6666666666666666	0.6666666666666666	0.6666666666666666	0.692307692308
1891	0.634615384615	1	0.47058823529411764	0.6666666666666666	0.5517241379310345	0.5
1891	0.634615384615	2	0.5833333333333334	0.5833333333333334	0.5833333333333334	0.615384615385
1891	0.634615384615	3	0.6923076923076923	0.75	0.7199999999999999	0.730769230769
1933	0.605769230769	0	0.5333333333333333	0.6666666666666666	0.5925925925925926	0.576923076923
1933	0.605769230769	1	0.6666666666666666	0.5	0.5714285714285715	0.653846153846
1933	0.605769230769	2	0.5454545454545454	0.5	0.5217391304347826	0.576923076923
1933	0.605769230769	3	0.5833333333333334	0.5833333333333334	0.5833333333333334	0.615384615385
1955	0.644230769231	0	0.6666666666666666	0.6666666666666666	0.6666666666666666	0.692307692308
1955	0.644230769231	1	0.6666666666666666	0.6666666666666666	0.6666666666666666	0.692307692308
1955	0.644230769231	2	0.6	0.75	0.6666666666666665	0.653846153846
1955	0.644230769231	3	0.5	0.5833333333333334	0.5384615384615384	0.538461538462
1963	0.596153846154	0	0.6	0.25	0.35294117647058826	0.576923076923
1963	0.596153846154	1	0.5555555555555556	0.4166666666666667	0.4761904761904762	0.576923076923
1963	0.596153846154	2	0.5625	0.75	0.6428571428571429	0.615384615385
1963	0.596153846154	3	0.6666666666666666	0.3333333333333333	0.4444444444444444	0.615384615385
1975	0.596153846154	0	0.3333333333333333	0.25	0.28571428571428575	0.423076923077
1975	0.596153846154	1	0.6	0.25	0.35294117647058826	0.576923076923
1975	0.596153846154	2	0.8333333333333334	0.4166666666666667	0.5555555555555556	0.692307692308
1975	0.596153846154	3	0.8333333333333334	0.4166666666666667	0.5555555555555556	0.692307692308
2021	0.596153846154	0	0.6666666666666666	0.6666666666666666	0.6666666666666666	0.692307692308
2021	0.596153846154	1	0.5294117647058824	0.75	0.6206896551724139	0.576923076923
2021	0.596153846154	2	0.5555555555555556	0.4166666666666667	0.4761904761904762	0.576923076923
2021	0.596153846154	3	0.5	0.3333333333333333	0.4	0.538461538462
2033	0.625	0	0.625	0.4166666666666667	0.5	0.615384615385
2033	0.625	1	0.6363636363636364	0.5833333333333334	0.6086956521739131	0.653846153846
2033	0.625	2	0.5	0.4166666666666667	0.45454545454545453	0.538461538462
2033	0.625	3	0.7	0.5833333333333334	0.6363636363636365	0.692307692308
2046	0.605769230769	0	0.5714285714285714	0.3333333333333333	0.4210526315789474	0.576923076923
2046	0.605769230769	1	0.6666666666666666	0.5	0.5714285714285715	0.653846153846
2046	0.605769230769	2	0.7777777777777778	0.5833333333333334	0.6666666666666666	0.730769230769
2046	0.605769230769	3	0.375	0.25	0.3	0.461538461538
2048	0.615384615385	0	0.5454545454545454	0.5	0.5217391304347826	0.576923076923
2048	0.615384615385	1	0.5	0.6666666666666666	0.5714285714285715	0.538461538462
2048	0.615384615385	2	0.7	0.5833333333333334	0.6363636363636365	0.692307692308
2048	0.615384615385	3	0.6363636363636364	0.5833333333333334	0.6086956521739131	0.653846153846
2105	0.615384615385	0	0.5714285714285714	0.6666666666666666	0.6153846153846153	0.615384615385
2105	0.615384615385	1	0.7777777777777778	0.5833333333333334	0.6666666666666666	0.730769230769
2105	0.615384615385	2	0.5	0.25	0.3333333333333333	0.538461538462
2105	0.615384615385	3	0.5714285714285714	0.3333333333333333	0.4210526315789474	0.576923076923
2114	0.596153846154	0	0.5555555555555556	0.4166666666666667	0.4761904761904762	0.576923076923
2114	0.596153846154	1	0.6666666666666666	0.6666666666666666	0.6666666666666666	0.692307692308
2114	0.596153846154	2	0.45454545454545453	0.4166666666666667	0.43478260869565216	0.5
2114	0.596153846154	3	0.6	0.5	0.5454545454545454	0.615384615385
2179	0.625	0	0.5	0.5833333333333334	0.5384615384615384	0.538461538462
2179	0.625	1	0.7142857142857143	0.4166666666666667	0.5263157894736842	0.653846153846
2179	0.625	2	0.5454545454545454	0.5	0.5217391304347826	0.576923076923
2179	0.625	3	0.8571428571428571	0.5	0.631578947368421	0.730769230769
2197	0.692307692308	0	0.5	0.75	0.6	0.538461538462
2197	0.692307692308	1	0.9	0.75	0.8181818181818182	0.846153846154
2197	0.692307692308	2	0.7272727272727273	0.6666666666666666	0.6956521739130435	0.730769230769
2197	0.692307692308	3	0.7142857142857143	0.4166666666666667	0.5263157894736842	0.653846153846
2213	0.625	0	0.5	0.4166666666666667	0.45454545454545453	0.538461538462
2213	0.625	1	0.8571428571428571	0.5	0.631578947368421	0.730769230769
2213	0.625	2	0.5	0.3333333333333333	0.4	0.538461538462
2213	0.625	3	0.7	0.5833333333333334	0.6363636363636365	0.692307692308
2246	0.615384615385	0	0.6666666666666666	0.3333333333333333	0.4444444444444444	0.615384615385
2246	0.615384615385	1	0.6666666666666666	0.3333333333333333	0.4444444444444444	0.615384615385
2246	0.615384615385	2	0.5454545454545454	0.5	0.5217391304347826	0.576923076923
2246	0.615384615385	3	1.0	0.25	0.4	0.653846153846
2285	0.596153846154	0	0.5454545454545454	0.5	0.5217391304347826	0.576923076923
2285	0.596153846154	1	0.8	0.3333333333333333	0.47058823529411764	0.653846153846
2285	0.596153846154	2	0.3333333333333333	0.25	0.28571428571428575	0.423076923077
2285	0.596153846154	3	0.7272727272727273	0.6666666666666666	0.6956521739130435	0.730769230769
2292	0.596153846154	0	0.4444444444444444	0.6666666666666666	0.5333333333333333	0.461538461538
2292	0.596153846154	1	0.7142857142857143	0.4166666666666667	0.5263157894736842	0.653846153846
2292	0.596153846154	2	0.6	0.5	0.5454545454545454	0.615384615385
2292	0.596153846154	3	0.8	0.3333333333333333	0.47058823529411764	0.653846153846
2300	0.596153846154	0	0.4666666666666667	0.5833333333333334	0.5185185185185186	0.5
2300	0.596153846154	1	0.7	0.5833333333333334	0.6363636363636365	0.692307692308
2300	0.596153846154	2	0.7142857142857143	0.4166666666666667	0.5263157894736842	0.653846153846
2300	0.596153846154	3	0.5	0.4166666666666667	0.45454545454545453	0.538461538462
2301	0.663461538462	0	0.5625	0.75	0.6428571428571429	0.615384615385
2301	0.663461538462	1	0.75	0.75	0.75	0.769230769231
2301	0.663461538462	2	0.8	0.3333333333333333	0.47058823529411764	0.653846153846
2301	0.663461538462	3	0.6666666666666666	0.3333333333333333	0.4444444444444444	0.615384615385
2310	0.605769230769	0	0.6	0.5	0.5454545454545454	0.615384615385
2310	0.605769230769	1	1.0	0.3333333333333333	0.5	0.692307692308
2310	0.605769230769	2	1.0	0.25	0.4	0.653846153846
2310	0.605769230769	3	0.42857142857142855	0.5	0.4615384615384615	0.461538461538
2315	0.605769230769	0	0.4444444444444444	0.3333333333333333	0.380952380952381	0.5
2315	0.605769230769	1	0.6666666666666666	0.3333333333333333	0.4444444444444444	0.615384615385
2315	0.605769230769	2	0.6666666666666666	0.6666666666666666	0.6666666666666666	0.692307692308
2315	0.605769230769	3	0.625	0.4166666666666667	0.5	0.615384615385
2350	0.692307692308	0	0.7272727272727273	0.6666666666666666	0.6956521739130435	0.730769230769
2350	0.692307692308	1	0.5384615384615384	0.5833333333333334	0.5599999999999999	0.576923076923
2350	0.692307692308	2	0.7777777777777778	0.5833333333333334	0.6666666666666666	0.730769230769
2350	0.692307692308	3	0.6666666666666666	0.8333333333333334	0.7407407407407408	0.730769230769
2357	0.596153846154	0	0.8	0.3333333333333333	0.47058823529411764	0.653846153846
2357	0.596153846154	1	0.45454545454545453	0.4166666666666667	0.43478260869565216	0.5
2357	0.596153846154	2	0.5	0.3333333333333333	0.4	0.538461538462
2357	0.596153846154	3	0.625	0.8333333333333334	0.7142857142857143	0.692307692308
2376	0.615384615385	0	0.6	0.25	0.35294117647058826	0.576923076923
2376	0.615384615385	1	0.5555555555555556	0.4166666666666667	0.4761904761904762	0.576923076923
2376	0.615384615385	2	0.8181818181818182	0.75	0.7826086956521738	0.807692307692
2376	0.615384615385	3	0.4444444444444444	0.3333333333333333	0.380952380952381	0.5
2417	0.596153846154	0	0.4	0.16666666666666666	0.23529411764705882	0.5
2417	0.596153846154	1	0.8571428571428571	0.5	0.631578947368421	0.730769230769
2417	0.596153846154	2	0.5714285714285714	0.6666666666666666	0.6153846153846153	0.615384615385
2417	0.596153846154	3	0.5	0.3333333333333333	0.4	0.538461538462
2446	0.605769230769	0	0.6363636363636364	0.5833333333333334	0.6086956521739131	0.653846153846
2446	0.605769230769	1	0.6666666666666666	0.5	0.5714285714285715	0.653846153846
2446	0.605769230769	2	0.6666666666666666	0.3333333333333333	0.4444444444444444	0.615384615385
2446	0.605769230769	3	0.42857142857142855	0.25	0.3157894736842105	0.5
